10 0.10
100 0.20
1024123412 0.12
9309332310 0.29
8129392299 0.21
9442887902 0.49
3129774369 0.91
5736723603 0.13
602454092 0.35
8622930864 0.66
3355837488 0.35
8200195785 0.47
420326097 0.71
3876205823 0.82
1359647345 0.85
1500669048 0.1
823608381 0.45
591425109 0.49
6879845052 0.99
7808888294 0.5
1995644956 0.73
9914956945 0.51
6280986224 0.57
6488249362 0.69
9149030158 0.51
3441819688 0.25
8670490440 0.16
7242597514 0.91
8718423475 0.11
7261413377 0
9566422095 0.88
1136328164 0.03
3233219800 0.17
5281838225 0.01
1628510696 0.31
5122302202 0.36
342502716 0.5
8749574977 0.66
688939705 0.52
3506929260 0.99
349004576 0.7
2342837509 0.91
8590764426 0.96
8110311553 0.73
704238364 0.54
7387258732 0.02
4133807360 0.86
660690936 0.74
251340168 0.6
7480092011 0.99
